step temp pe ke etotal press
0 94.400000000000048317 -416.17070649408350391 71.754059523600034254 -344.41664697048349808 -2423.7921662881658449
100 82.628636684835825577 -405.5522783221103964 62.806569015229115394 -342.74570930688128101 -2007.7126104343635689
200 54.054289788331722377 -373.31834945092839462 41.087020412901253508 -332.2313290380271269 -906.16855956920903736
300 64.972701297395914821 -368.86690339190607801 49.386176655746076847 -319.48072673616002248 -634.85014563721142622
400 84.864940640453809806 -367.43199766985031829 64.506398328198130798 -302.92559934165217328 -515.3801028826064794
500 90.85107359571063057 -357.02537381329051414 69.056497272982895197 -287.96887654030763315 -134.7284225079029909
600 99.840915519411169043 -352.43082949474035104 75.889735117272749676 -276.54109437746762978 98.185152620082945418
700 97.692725243321262951 -347.03313363047914208 74.256881590381084379 -272.77625204009802928 279.98010854455054641
800 97.229297345805278496 -349.28950531978523486 73.904627004117742217 -275.38487831566749264 213.35465561494663689
900 89.360026257266142125 -348.41171454326729418 67.92314240566031458 -280.4885721376069796 203.13109642951988576
1000 94.468361709397669301 -351.25735937648141771 71.806021707553981059 -279.45133766892740823 127.94321720805459108
1100 95.297658374155133743 -349.38944916920729611 72.436375544902816159 -276.95307362430446574 175.28342599115742928
1200 99.606075501136729144 -352.79114827918516539 75.711231678186024396 -277.07991660099912679 85.776312034755918035
1300 90.181392384662743211 -350.9195379833160473 68.547468189515029735 -282.37206979380101757 107.41704607785635517
1400 89.423224863338816704 -350.5432001889855087 67.971180080892807496 -282.57202010809271542 125.48399343512244286
1500 99.604573889049518698 -352.32071720724860597 75.710090292983835525 -276.61062691426479887 109.392000917511794
1600 96.467759700127857059 -350.35510072972266471 73.325777241857153399 -277.0293234878654971 164.24980436653538618
1700 87.139148299276385501 -347.39103871134403789 66.235038494725486657 -281.15600021661856545 246.46278840178032965
1800 101.22312928594594439 -354.04002705966308895 76.940364872339230828 -277.09966218732387233 107.1170365883383937
1900 95.269665802096497487 -346.12012978013950715 72.415098207172789557 -273.7050315729667318 341.59048028438490974
2000 93.611585163795183462 -345.23920679103412112 71.154780232431249942 -274.0844265586028996 377.07346242283216498
2100 98.241051070125394062 -349.55408434003055618 74.673667649860220763 -274.88041669017036384 248.28218312294831094
2200 89.217458894553615778 -349.27712628207279977 67.814776017628560112 -281.46235026444423966 205.82855483469873548
2300 89.76145921271815098 -350.47002250200000617 68.228274229603513845 -282.24174827239647811 156.02687054427323687
2400 96.379581618353881822 -348.37715354331442086 73.25875250321004728 -275.11840104010434516 244.95608919045824337
2500 97.359897406102192008 -343.97750580243496188 74.003896967044980215 -269.97360883538999587 380.25227833123915389
2600 98.243779707579307114 -345.63818305611442838 74.675741705096299938 -270.96244135101812844 320.17152279245141244
2700 92.049925874699312089 -344.50772603661454241 69.967752758009979175 -274.53997327860457744 314.09235104201064814
2800 91.939305943293163637 -343.53005606870692645 69.883669822177211017 -273.64638624652968701 349.38447407789891486
2900 100.36719345310403639 -344.52285210589826647 76.289762428503209435 -268.23308967739507125 365.67482252304733947
3000 99.874945746238623201 -347.19705206508251649 75.915601716016169576 -271.28145034906634692 302.71114479827525656
3100 86.469917499779569425 -346.49654438567620218 65.726351772033524412 -280.77019261364267777 286.27557090508639703
3200 93.017877753924736339 -347.59780617937656189 70.703499333835424068 -276.8943068455411094 258.85438053752534415
3300 95.175588179749723849 -343.10509549443276001 72.343589189019084529 -270.76150630541366127 377.32418138597415691
3400 94.785818744950844916 -339.13838978916999167 72.047322883669110638 -267.09106690550089525 483.1395419330808636
3500 101.50478748076936597 -343.4884515998049892 77.154455114676835592 -266.33399648512818203 382.30121819403689187
3600 84.774158186115712965 -341.50512317409379648 64.437393988873182593 -277.0677291852206281 392.83109050017202435
3700 95.887156648971966888 -349.49438773027037541 72.884457052320883008 -276.60993067794947819 172.88957245579842947
3800 94.15972970418465593 -348.37713086594447986 71.571428494916872864 -276.80570237102762121 190.1484680671615024
3900 90.003164151129809056 -344.82768536443239782 68.411995739539293027 -276.41568962489310479 295.90779315861590248
4000 105.51107390736650871 -347.62431942577552491 80.199659719789565315 -267.42465970598595959 278.96002007558018931
4100 97.625820284569329033 -345.65281283700062431 74.206026692153216118 -271.4467861448474082 337.32151043442462424
4200 92.76796681477095774 -347.28819738648047633 70.513540388881622789 -276.77465699759886775 294.13888297943259431
4300 92.447941152669812936 -346.68873027725476277 70.270286782870130082 -276.41844349438463269 321.14970026942955883
4400 93.02507866294337191 -344.84685963664151132 70.708972792038252919 -274.1378868446032584 378.6505499954332663
4500 99.746462126905157675 -343.07912207278093319 75.817940473754930508 -267.26118159902603111 426.26451222434940291
4600 101.5504738332600283 -341.79236433718352828 77.189181611033092167 -264.60318272615040769 464.51492472731814587
4700 99.396758250123099288 -344.74279407442145384 75.552128261993772185 -269.19066581242771008 391.04012653915430064
4800 90.106950329594170057 -342.01775828160594983 68.490884294912802943 -273.52687398669314689 431.1762450634328161
4900 95.025166755908131222 -344.58884096234095296 72.229252877578900893 -272.35958808476203785 355.02533701324693993
5000 102.15800876064133718 -348.88320372190759144 77.6509728964354764 -271.23223082547212925 241.99722698394947429
5100 84.793499504954098711 -344.3691562126127792 64.452095452254482666 -279.91706076035831074 338.00953231279976308
5200 87.177633642858793905 -343.74678430351218594 66.264291456952165049 -277.4824928465600351 371.52310535403722724
5300 98.326741594468956009 -347.82878195970158686 74.738801579779249096 -273.08998037992233776 296.82255409516005784
5400 89.516451599467572464 -341.68167812299856223 68.042042334848034102 -273.63963578815054234 465.76514923174744354
5500 98.2917820147831236 -343.55188962771785555 74.712228573829065681 -268.83966105388878987 411.44879506675050607
5600 100.0306637243045742 -342.71413653328392002 76.033963973082265397 -266.68017256020164041 411.92733105072142052
5700 84.926051276154865377 -340.84225079819833581 64.552848923448323148 -276.28940187475001267 432.06500882036806388
5800 91.112767207311861739 -345.66574570713089543 69.255412304590734607 -276.41033340254017503 322.39585006954166602
5900 95.364472912894768797 -346.27930871278675795 72.487161714285917924 -273.79214699850081161 328.64590710743300406
6000 94.529312088397233538 -344.70398099845778006 71.852350490633639879 -272.85163050782415439 384.51606848396505711
6100 93.4659980619823898 -343.49175037019210777 71.044118520891601065 -272.44763184930047828 445.33648416605115017
6200 94.349709158117889274 -341.49494545082080776 71.715833124639189577 -269.7791123261816324 522.25367735410418391
6300 106.69023978247501816 -340.87317579839560722 81.095951440030390245 -259.77722435836523118 588.04487646174709425
6400 97.829678908803657578 -340.02805509784138849 74.360980970306911786 -265.6670741275344767 592.01537630180257565
6500 99.628229734462109946 -348.60628437153360437 75.728071256329343441 -272.87821311520428935 318.6411897089096783
6600 91.430753299016046753 -348.41977876947021286 69.497115619758304206 -278.92266314971192287 270.11120280378639791
6700 88.422298200511576738 -344.95513869908853621 67.210369155646361605 -277.74476954344220303 361.85255249925455701
6800 96.513484132376845537 -344.61257514185047057 73.360532682887622968 -271.25204245896281918 401.70189744068227355
6900 94.024529170585907423 -341.14931269604227282 71.468661682041158656 -269.68065101400111416 484.9745427305029466
7000 99.980030883941481079 -346.47816870538656531 75.995477618831600353 -270.48269108655495074 326.89005963597855953
7100 90.506405493176131927 -344.86225606707739644 68.794512786275831218 -276.06774328080155101 318.83696483937302446
7200 95.659105694126054686 -348.96917832175313379 72.7111140249011072 -276.25806429685201238 211.31786197905529434
7300 91.147536120907119539 -346.00363760275666891 69.281840383994179433 -276.72179721876250369 312.65477537059427959
7400 92.604128652995754578 -343.73794735904709796 70.389005926887392661 -273.34894143215967688 427.35293166299101131
7500 99.305719118136650536 -342.10699740342539599 75.48292882030381179 -266.6240685831215842 504.62010973763580068
7600 98.364896233960138261 -342.57269097778305422 74.767803171655856431 -267.80488780612722621 478.07744350055816085
7700 92.565519555685298769 -341.81029304478943232 70.359658898639864333 -271.45063414614958219 466.00718797014638994
7800 96.205947643239269951 -344.92251112842450311 73.126772179209069691 -271.79573894921543342 387.19726468815196085
7900 94.682110545312568206 -345.41050191985453921 71.968493600513056663 -273.44200831934148255 390.57767326693129917
8000 89.090162593662128643 -343.75524347742424425 67.718017263907142933 -276.03722621351710131 427.36652253248280431
8100 93.050056067134406135 -344.36830348774810773 70.727958280884323017 -273.64034520686379892 417.47377412148989606
8200 102.15669786817977638 -343.76046285904419619 77.649976478472382269 -266.11048638057184235 469.2817780060152586
8300 94.495471104790269123 -340.30673279549171184 71.826627736904072208 -268.48010505858763963 564.73551975552970816
8400 90.446515059988385588 -342.96080405517966483 68.748989674963880248 -274.21181438021579879 488.8050547745917811
8500 87.499328797201656016 -347.14984987856286125 66.508814054973043994 -280.64103582358984568 368.14279297841619609
8600 81.38715393946843335 -346.55124728415597701 61.862909832934469989 -284.68833745122151413 364.10292880770998636
8700 100.19122096454559312 -351.03677590551473031 76.156004585086492398 -274.88077132042826634 268.00994902854864677
8800 92.98664905223029109 -345.24380601605679431 70.679762192731317327 -274.5640438233255054 397.90551452304305258
8900 90.82616401692433783 -342.1396343729045384 69.037563338672086388 -273.1020710342324378 458.26658878748713732
9000 107.01848655790932696 -348.65616576206161881 81.345453968239539222 -267.31071179382206537 284.27010759917715177
9100 86.725425273783557145 -341.36477464947813587 65.920564907887595041 -275.44420974159055504 446.46033742177672821
9200 88.602065406113140966 -341.73402055385747644 67.34701138839133705 -274.38700916546611097 451.95354720851474895
9300 98.498712158541323447 -346.09822748363109213 74.869517534130480385 -271.22870994950062595 338.05228868094519612
9400 94.986259807263806465 -345.53043072303808003 72.199679450577775697 -273.33075127246030434 338.21227165780987889
9500 88.910656266203190512 -344.87787894267933098 67.581573326350451225 -277.29630561632887975 343.70526557941207102
9600 92.351217729008098445 -347.15623929446934426 70.196766673773211664 -276.95947262069614681 279.65839855200908914
9700 102.29710933760352987 -348.38328884805878261 77.756704157866749938 -270.62658469019203267 247.90266352029988184
9800 97.190334465632460592 -347.65913662755360747 73.875011063194747862 -273.78412556435887382 263.32999596262521891
9900 83.873696888449273956 -342.47557932021254601 63.752947447014548743 -278.72263187319799727 396.6841557401842806
10000 94.271195347432197309 -345.13581898578092932 71.656154261870483424 -273.4796647239104459 369.99522125588441668
